number,line,name,english_name,hanja_name,transfer,distance,cumalative_distance,location
K335,경의선,문산,文山,Munsan, 수도권 전철 경의·중앙선 (임진강행)경의선,-,0.0,경기도 파주시
K334,경의선,파주(두원대학),坡州,Paju,,4.4,4.4,경기도 파주시
K333,경의선,월롱(서영대학교),月籠,Wollong,,2.2,6.6,경기도 파주시
K331,경의선,금촌,金村,Geumchon,,4.1,10.7,경기도 파주시
K330,경의선,금릉,金陵,Geumneung,,2.1,12.8,경기도 파주시
K329,경의선,운정,雲井,Unjeong,,3.1,15.9,경기도 파주시
K328,경의선,야당,野塘,Yadang,,2.1,18.0,경기도 파주시
K327,경의선,탄현,炭峴,Tanhyeon,,1.5,19.5,경기도 고양시
K326,경의선,일산,一山,Ilsan,,1.7,21.2,경기도 고양시
K325,경의선,풍산,楓山,Pungsan,,1.9,23.1,경기도 고양시
K324,경의선,백마,白馬,Baengma,,1.7,24.8,경기도 고양시
K323,경의선,곡산,谷山,Goksan,,1.6,26.4,경기도 고양시
K322,경의선,대곡,大谷,Daegok, 수도권 전철 3호선,1.7,28.1,경기도 고양시
K321,경의선,능곡,陵谷,Neunggok,,1.8,29.9,경기도 고양시
K320,경의선,행신,幸信,Haengsin,경의선,1.5,31.4,경기도 고양시
K319,경의선,강매,江梅,Gangmae,,0.9,32.3,경기도 고양시
K318,경의선,화전(한국항공대),花田,Hwajeon,,2.5,34.8,경기도 고양시
K317,경의선,수색,水色,Susaek,,3.4,38.2,서울특별시 은평구
K316,경의선,디지털미디어시티,,Digital Media City," 서울 지하철 6호선, 인천국제공항철도",0.6,38.8,서울특별시 은평구
K315,경의선,가좌,加佐,Gajwa, 수도권 전철 경의·중앙선 (서울행),1.7,40.5,서울특별시 마포구
K315,용산선,가좌,加佐,Gajwa, 수도권 전철 경의·중앙선 (서울행),1.7,40.5,서울특별시 마포구
K314,용산선,홍대입구,弘大入口,Hongik Univ.," 서울 지하철 2호선, 인천국제공항철도",1.7,42.2,서울특별시 마포구
K313,용산선,서강대,西江大,Sogang Univ.,,0.9,43.1,서울특별시 마포구
K312,용산선,공덕,孔德,Gongdeok," 수도권 전철 5호선, 서울 지하철 6호선, 인천국제공항철도",1.9,45.0,서울특별시 마포구
K311,용산선,효창공원앞,孝昌公園,Hyochang Park, 서울 지하철 6호선,1.0,46.0,서울특별시 용산구
K110,용산선,용산,龍山,Yongsan, 수도권 전철 1호선경부선,1.5,47.5,서울특별시 용산구
K110,경원선,용산,龍山,Yongsan, 수도권 전철 1호선경부선,1.5,47.5,서울특별시 용산구
K111,경원선,이촌,二村,Ichon, 수도권 전철 4호선,1.9,49.4,서울특별시 용산구
K112,경원선,서빙고,西氷庫,Seobinggo,,1.7,51.1,서울특별시 용산구
K113,경원선,한남,漢南,Hannam,,1.9,53.0,서울특별시 용산구
K114,경원선,옥수,玉水,Oksu, 수도권 전철 3호선,1.6,54.6,서울특별시 성동구
K115,경원선,응봉,鷹峰,Eungbong,,1.8,56.4,서울특별시 성동구
K116,경원선,왕십리,往十里,Wangsimni," 서울 지하철 2호선, 수도권 전철 5호선, 수도권 전철 수인·분당선",1.4,57.8,서울특별시 성동구
K117,경원선,청량리,淸凉里,Cheongnyangni," 수도권 전철 1호선, 수도권 전철 수인·분당선 (일부)",2.4,60.2,서울특별시 동대문구
K117,중앙선,청량리,淸凉里,Cheongnyangni," 수도권 전철 1호선, 수도권 전철 수인·분당선 (일부)",2.4,60.2,서울특별시 동대문구
K118,중앙선,회기,回基,Hoegi, 수도권 전철 1호선,1.4,61.6,서울특별시 동대문구
K119,중앙선,중랑,中浪,Jungnang,,1.8,63.4,서울특별시 중랑구
K120,중앙선,상봉,上鳳,Sangbong," 서울 지하철 7호선, 수도권 전철 경춘선중앙선경춘선",0.8,64.2,서울특별시 중랑구
K121,중앙선,망우,忘憂,Mangu, 수도권 전철 경춘선중앙선,0.6,64.8,서울특별시 중랑구
K122,중앙선,양원,養源,Yangwon,,1.7,66.5,서울특별시 중랑구
K123,중앙선,구리,九里,Guri,,3.2,69.7,경기도 구리시
K124,중앙선,도농,陶農,Donong,,1.7,71.4,경기도 남양주시
K125,중앙선,양정,養正,Yangjeong,,3.7,75.1,경기도 남양주시
K126,중앙선,덕소,德沼,Deokso,중앙선,2.3,77.4,경기도 남양주시
K127,중앙선,도심,陶深,Dosim,,1.5,78.9,경기도 남양주시
K128,중앙선,팔당,八堂,Paldang,,4.2,83.1,경기도 남양주시
K129,중앙선,운길산,雲吉山,Ungilsan,,6.4,89.5,경기도 남양주시
K130,중앙선,양수,兩水,Yangsu,,1.9,91.4,경기도 양평군
K131,중앙선,신원,新院,Sinwon,,4.7,96.1,경기도 양평군
K132,중앙선,국수,菊秀,Guksu,,2.9,99.0,경기도 양평군
K133,중앙선,아신(아세아연합신학대),我新,Asin,,4.1,103.1,경기도 양평군
K134,중앙선,오빈,梧濱,Obin,,2.8,105.9,경기도 양평군
K135,중앙선,양평,楊平,Yangpyeong,중앙선,2.2,108.1,경기도 양평군
K136,중앙선,원덕,元德,Wondeok,,5.8,113.9,경기도 양평군
K137,중앙선,용문,龍門,Yongmun,중앙선,4.8,118.7,경기도 양평군
K138,중앙선,지평,砥平,Jipyeong,중앙선,3.8,122.5,경기도 양평군
K315,경의선,가좌,加佐,Gajwa, 수도권 전철 경의·중앙선 (지평 방면),7.7,46.5,서울특별시 서대문구
P314,경의선,신촌,新村,Sinchon,,7.7,48.2,서울특별시 서대문구
P313,경의선,서울,서울,Seoul," 수도권 전철 1호선, 수도권 전철 4호선, 인천국제공항철도경부선",9.1,51.3,서울특별시 중구
K337,경의선,임진강,臨津江,Imjingang,경의선,0.0,0.0,경기도 파주시
K335,경의선,문산,文山,Munsan," 수도권 전철 경의·중앙선 (지평, 서울행)경의선",6.0,6.0,경기도 파주시
